1008970
1014000
1034813
1036759
1054428
1056051
1056912
1057910
1057967
1058166
1059195
1059533
1059638
1059935
1060026
1061893
1062496
1063659
1063742
1063956
1064283
1065468
1065859
1066202
1066837
1067237
1067786
1068212
1068646
1069119
1070390
1070882
1071450
1071594
1072172
1072883
1073098
1073738
1074253
1075126
1076979
1079891
1083557
1087299
1087596
1087597
1089400
1090033
1090039
1090889
1091111
1091133
1091677
1093806
1093888
1095052
1095053
1096032
1098722
1099398
1104609
1105687
1105833
1106162
1109136
1111554
1111686
1113145
1115347
1115614
1116202
1116592
1117332
1118668
1118949
1119918
1121034
1124305
1129073
1129386
1131143
1132954
1133463
1134986
1141676
1143992
1144659
1145673
1147520
1151591
1151592
1154605
1154606
1155753
1156775
1161025
1161026
1161082
1161207
1162902
1162903
1164093
1171473
1173453
1174911
1176674
1176675
1177589
1179671
1182006
1191262
1191583
1192076
1201396
1204914
1212475
1215338
1224149
1226346
1226362
1229669
1247212
1248493
1250975
1252348
1252888
1253494
1254957
1255562
1256137
1259537
1263251
1263937
1267484
1270422
1271379
1272544
1278738
1287791
1289294
1290248
1290999
1293742
1294380
1295372
1297084
1298314
1303268
1307826
1311473
1318254
1323983
1325741
1325742
1327852
1341462
1350881
1351888
1352773
1358809
1359918
141765
1433842
1437505
1437826
1439835
1441069
1441610
1443414
1444850
1448756
1455088
1457319
1466698
1473617
147784
1478653
1483029
1485382
1492182
1494982
1496959
1501907
1507417
1514653
1516976
151867
151900
1525675
152954
1532382
153972
1540035
1546668
1547780
1550501
1553789
1554049
1555005
1555314
1557373
1558170
1559197
155961
156308
1563281
1567943
1568171
1568200
1568247
156906
1569178
1569285
1569571
157016
1570210
1571036
1571101
1571533
1572351
1573545
1573546
1575432
1576578
1576845
1578108
158056
1580986
1582472
1584003
1587217
1587268
1588817
1588896
1590480
1590842
1592685
1593179
1593818
1598701
1599068
1600230
1605185
1605725
1608445
1610742
1613434
1619343
1620730
1620780
162502
1625701
1626712
162841
1629316
163137
1633707
1636307
1642265
1644719
1645662
165173
1651765
1652064
1653043
1657457
1657586
1658004
165928
165929
1659928
1660684
1661775
1664335
1664412
1665435
167093
1672915
1673638
1674875
1680400
1682105
1682793
1685483
1685731
168726
1692067
1693494
1694608
1695183
169525
169974
1705630
1709991
1713012
1713320
1716814
1718412
172015
1721605
1724218
1725601
1728137
1728151
1731644
1731654
1731977
1732031
1732397
1733359
1733365
1733366
1733584
173458
1735220
1735497
1740411
1741470
1743307
1746313
1746977
174826
1748443
1749391
1750681
1751224
1756030
1757145
1758977
176050
176504
176730
1767810
1768103
1768638
1769880
1770612
1771521
1772266
1772933
1773222
1774133
1781359
1783561
1785133
1785418
1786286
1788165
1788166
1788623
179028
1791479
179269
1794248
1794908
1795109
1795300
1803053
1805312
1806949
1807156
1807157
1809093
1810300
1811733
1813166
1813792
1814180
1816075
1817625
1820689
1821487
1823356
1823442
1823727
1824650
1829278
1830188
1831437
1832677
1833568
1835048
1837638
1837963
1843889
1845109
1846269
184757
1849124
1851120
1854640
1855917
1855918
1856168
1856821
185821
1858620
186085
186393
187150
190446
190764
192233
1968908
197617
197921
1979528
198627
198628
198629
2010574
2011360
2011495
2015123
2016011
2016313
202294
202707
203101
2032312
2038433
2038434
205061
205096
2056364
2056365
205928
2065738
2069695
207393
2075529
2081387
2081807
2085133
2085134
2085136
209139
2093411
2095984
210641
211144
2114686
211715
2119136
2124939
2125600
2133477
2133970
2141699
2143474
214497
214519
2150580
2164616
2167319
2167320
216950
216951
2189631
2192084
2192095
2193649
219981
219983
2208455
221004
221005
2215634
2219934
2220764
222133
2225781
223303
223787
2245791
224606
2249486
2251446
2251457
225206
225207
2258562
2264884
229236
229383
2303500
2305273
2308573
2309912
2310584
2316703
2323544
232447
2325386
232562
2330077
2332985
2334053
2335944
2340803
2349210
234934
234941
235042
235043
2358786
2360939
2361839
236265
2363597
2372698
237983
2392486
2396286
2399157
2406601
2407144
2418055
2419068
2419768
2420527
2426565
2428517
242895
243097
2432351
2432352
2436357
2436616
243999
2440723
2441710
2442461
2450383
2462225
246997
2473922
2475260
2480458
2482439
2486007
2488182
2492812
249328
249805
2499670
250073
250719
250724
251111
2511125
2512481
2525696
2552038
2553254
2555067
2555162
2557586
2558003
2565399
2565400
2566203
2568975
2569838
2571427
2571798
257287
2574532
2575089
257802
2580677
2584022
2585711
2586449
2588265
2589516
2589698
2592641
2594234
2594608
2595322
2595334
2595771
2597268
2597776
2597777
2597803
2598769
2599455
2600767
2600791
2601684
2602775
2603291
2604431
260468
2606115
2606739
2607173
2607275
2607501
2608568
2608936
2609672
2611237
2611440
2614646
2616371
2618178
2618534
2621632
2622491
2622629
2623519
2627050
2627574
2628859
2630349
2631050
2635167
2635168
2635556
2635557
2637669
263850
2639649
264276
2643910
264423
2644671
2645295
2646210
264901
2669317
2670191
267196
2672387
2672664
2676990
2681532
2682904
2683496
2684065
2684922
2686684
2686685
2687268
2687617
2687675
2687785
2688891
2689235
2689919
2691019
2692124
2692183
2692627
2694334
2694459
2694977
2695180
2696071
2696352
2705166
2705983
2707013
2707485
2708837
2709370
2712431
2713393
2714092
2714202
2714303
2714634
2715137
2716616
2716852
2717280
2718495
2721454
2724119
2724441
2725629
2727377
2728472
272886
2729735
2733462
2733542
2734372
2735662
2737792
2740390
2740440
2740764
2740973
2742035
2742509
2743112
2743241
2744115
2745039
2747029
2748974
2749424
2750255
2751276
2752622
2753471
2754365
2757707
2757872
2758157
2760099
2761246
2761777
2764138
2764328
2767923
276815
2768566
2770318
2773804
2774467
2774569
2774779
2778278
2778495
2781128
2784403
2784404
2786504
2786506
2787456
2791385
2792350
2793359
2793829
2794087
2794381
2795183
2795570
2798666
2803818
2803940
2804045
2804325
2805423
2805897
281132
2812171
2812202
2813307
2814579
2818995
2819402
2821884
2822610
2823486
2823926
2825733
2825734
2826931
2827046
2829425
2831222
2832104
2832466
2832961
2833930
2834193
2837926
2838313
2838819
2839364
2841895
284265
2842748
2843984
2846485
2847703
2848941
2849399
2849534
2853320
2853358
2854941
2855098
2856345
2858139
2859392
2860223
2860378
2861097
2864521
2866893
2867190
2869455
2870678
2870997
2873463
2875586
2876381
2879352
2879373
2879465
2883334
2887358
2892403
2892404
2893348
2893929
2894029
2895549
2897465
2898513
2902156
2903553
2903847
2906477
2906478
2914101
291628
292154
294032
2940544
2948693
2958288
2958289
2958290
295916
296926
296927
2970589
297175
297291
2973367
2982293
2983640
2989641
2990225
2993915
2994833
299914
300142
3001552
3003844
300385
3009480
3012414
301780
3019476
3021108
3021362
302226
3023263
3025797
302668
3027283
3027284
3027681
3031944
3033795
3034194
3035113
3035600
3037894
3038770
304256
3046540
3046967
3048982
3053511
3057805
3057806
3058972
3060213
306247
3063333
3066852
3067246
3067309
3068380
3069211
3070432
3075364
3075813
3076005
3077438
3078650
3079543
3079819
3083539
3083578
3085970
3086265
3086799
3088802
3090122
3096492
3098657
3099676
3103434
3104543
311043
3110594
3112232
3112268
3114713
3115505
3115660
3116577
3119186
312258
3124262
3124638
3124669
312665
3127160
3130379
313055
3130903
3131438
3132106
3132505
3132615
3132737
3133333
3133465
3133636
3134824
3134971
3135511
3135611
3136458
3136459
3136745
3138091
3138092
3138448
3138488
3139532
3139600
3139700
3140049
3140159
3140371
3140613
3141080
3142457
3142620
3142795
3142950
3143234
3143360
3144143
3144334
3144745
3145378
3145787
3146265
3146987
3148216
3148506
3148909
3148997
3149046
3149078
3149587
3149953
3150025
3150970
3151670
3152675
3152779
3153171
3153393
3153894
3154481
3154626
3155276
3155299
3155533
3155988
3156122
3157608
3157896
3157910
3158680
3159826
3160233
3160468
3163373
3163374
316382
3172946
3178242
3183245
3185495
3186183
3193216
3194733
3199448
3199449
3204052
3205101
3206460
3207237
3207238
3208300
3211257
3212957
3214193
3223097
3223634
3225620
3225692
3230503
3231363
3233306
3233620
3233997
3235765
3237226
3237333
3237558
3238529
3238816
3241571
3242308
3243205
3246790
326308
329635
3327376
3329305
3333069
3334456
333689
3341168
3343295
3344942
3344943
3345634
3346187
3346866
3347501
3348293
3351297
3351763
3352333
3353113
335868
336272
337621
341322
341780
343093
345142
349322
349481
350259
350263
351524
356949
361404
363006
367912
369237
369273
370128
373392
374770
375725
379119
379570
380316
380558
381129
384028
384486
387623
387984
389703
389791
393867
395257
399455
399713
403279
403605
405746
409048
411036
416103
417265
417524
417577
417578
418417
420354
425870
426976
431760
436624
436993
443664
445750
447542
447543
453326
453764
454584
467819
468560
469890
472969
479455
483209
485952
490454
490809
494366
498849
499328
508973
518155
520522
525046
529415
532222
532223
534579
538214
562011
564216
564486
568432
572556
572557
575545
583821
585971
586648
587426
589909
592106
592107
592108
593654
599651
602216
603253
603255
608373
616271
618867
624150
633866
634295
634297
638579
640795
650415
650416
650417
662091
663910
664474
671293
675037
688013
688938
691814
692382
694055
701925
709257
717630
722596
741995
741996
752830
752867
755286
755774
756295
758325
758327
773231
777016
785320
786428
788008
791784
796205
807440
807441
808117
808118
826483
826669
827084
827085
837709
837984
838945
839120
842498
849188
850469
853131
856437
858036
859033
865449
865698
866114
869526
876268
876429
876430
887140
887817
893771
896028
898372
899746
899747
910051
910865
913057
913910
914801
916394
916395
922231
924223
926316
926317
926319
930706
931649
933278
939222
942382
942967
958719
958720
960943
961164
961295
961440
961441
962227
963136
963941
964437
964782
965083
965562
965856
967281
969334
970239
970328
970720
971171
971201
972135
972877
973612
975692
976171
976505
976535
976722
976781
976782
977218
977927
978037
978518
979122
979241
994512
